534 668
2766 3198
2686 572
1092 1420
2884 609
131 2519
4123 1078
196 157
3445 4621
3156 952
2664 3085
4200 1109
3492 3248
4599 2089
4241 1564
1127 2271
422 4604
2561 874
3372 3498
2089 4020
3593 795
438 2273
1240 3879
3632 3939
3493 4691
1087 4762
3030 1093
1055 1320
3685 3235
3465 958
2027 3233
3766 3575
3919 413
4732 183
4259 1633
1859 1423
1223 12
465 1744
1903 4205
3369 2841
935 2741
3555 3510
2711 487
4117 863
2162 4447
3350 603
112 3501
179 383
3636 1053
235 2992
599 3755
2301 1408
179 1080
2273 3391
196 4084
1012 2066
4936 15
1357 4401
3472 2984
3660 4959
3214 2840
2338 3091
1246 1668
1340 966
1250 2030
305 2920
4501 1743
3315 2516
1569 523
1514 164
1011 3712
772 4618
2004 652
89 4029
1179 2715
2058 4620
3886 4810
4865 1050
1736 491
4604 3390
3508 85
4651 333
255 2799
3401 3935
4116 1864
3456 1339
153 2366
2757 2783
2462 2162
1794 4896
54 2116
3554 834
1253 4313
4999 2660
1786 333
2015 1484
2455 1534
4029 3874
2427 999
2180 3812
560 2221
2367 3126
3600 3354
2283 2195
2867 3915
3798 1668
51 3984
3352 3340
160 4320
4679 3398
368 31
266 4299
86 3045
659 4684
1635 4179
23 112
1778 237
2026 4242
2093 3199
2571 331
3894 3709
4935 4151
1911 3435
417 2327
4587 2293
1423 4874
4157 4380
2528 3608
2502 2358
2081 4045
4861 1616
1495 2726
4910 2443
950 3004
3933 4585
2240 4346
803 4234
602 2836
2231 1031
3360 942
4881 1338
297 1246
2359 2928
1533 3959
2266 4268
4738 475
1555 162
774 964
1503 1372
3335 3567
930 700
2950 221
2615 599
738 3455
1198 818
2745 3558
4974 4572
2810 2845
1001 800
1821 4003
263 1965
1819 777
4403 2524
1426 3516
1962 1149
3769 4103
2449 101
898 1664
1694 3832
2165 4933
4407 464
4593 1611
2223 2208
4253 4955
3655 415
2293 1737
4817 4036
1360 410
3999 3186
1798 154
2714 368
1719 4528
1783 3104
3047 2614
971 4081
1021 4984
4640 1716
4075 3432
2360 744
4031 2996
4741 4706
224 69
3419 2900
2661 2012
3181 1752
4639 3739
1980 3682
734 3054
4262 456
4513 1804
763 4670
3207 1950
419 674
691 3418
1124 1113
1485 3796
199 1764
586 4002
1849 547
1613 4171
1215 947
4359 3011
963 3095
3362 4997
820 2593
2852 3086
4170 3683
4519 4146
4126 2151
4709 1133
2231 2575
4825 848
2097 41
1832 573
904 2579
4750 1873
4403 1911
3388 2454
940 3371
3487 3650
3283 4416
2277 2943
4234 2756
4193 2336
948 1422
4958 4748
2686 2862
4623 1314
3311 2278
1036 682
2148 105
4090 4100
4780 3743
226 3887
1178 266
3849 3687
657 2408
591 4180
634 4213
1384 4724
88 2363
1121 1180
653 833
4061 2304
325 3094
2805 972
1936 1161
709 3086
230 1695
1715 3371
3290 3407
3403 3658
249 109
1462 2201
3660 129
1817 4122
1408 4867
4274 3393
671 510
2373 1189
4623 3142
4420 976
3929 2807
1277 2085
2164 20
2837 2949
4528 2408
2442 3174
726 804
2783 705
2196 22
1424 3582
263 2698
2205 214
2913 191
1820 1261
3146 2329
3279 458
3930 871
4788 3444
1500 4537
307 411
3863 4919
2682 128
2726 4504
644 1329
1695 4646
3929 3261
1705 1978
4047 208
598 3082
4742 4828
1928 420
2865 2277
2400 3605
2679 2887
441 1898
3161 774
2547 3866
3223 3018
444 1334
1700 405
3977 1126
3536 1690
2602 1474
2803 2523
3211 3817
3190 2719
158 74
190 1270
2814 4340
1434 59
2431 4644
2276 4445
4217 1083
1885 3841
2259 1377
320 1960
549 2842
80 4633
3117 4443
1245 3682
299 2850
4594 2168
4584 4839
2594 3113
1881 1170
3977 674
210 1602
4983 2906
4477 135
3487 4202
3161 925
4958 1487
991 646
1710 4702
448 939
3538 2
1891 511
4460 1805
4059 2824
1954 1217
3308 4810
1264 2234
1222 2065
3086 4322
3674 666
1490 3336
2553 2079
1601 2710
1748 2894
3678 853
822 3846
4693 415
2198 1101
649 273
1601 320
2305 1595
1540 4839
2378 2285
183 156
4342 3976
1860 448
1706 3135
3455 2395
613 4712
3912 1398
884 402
4035 78
2106 3156
65 4768
1037 3176
4711 163
3116 3995
2820 886
4164 2009
1169 15
4914 1377
3832 317
722 4827
2087 1811
3654 4362
598 250
2067 106
843 4458
461 2862
687 484
2211 14
3866 4230
29 1540
1097 3540
1250 1946
3344 4823
1238 1793
3114 2341
456 208
197 1646
57 4503
203 158
4640 167
2482 627
883 1529
1501 1685
2632 3215
4948 4188
2610 2051
3551 331
4791 3450
4856 4064
1102 4452
77 3580
118 1162
4533 3029
3281 2445
4122 1469
3743 423
3860 4239
2639 1640
287 3542
753 4200
4994 2330
502 2331
1089 4968
3241 4590
2541 3148
4951 1933
894 1190
2553 4678
2834 3358
346 3805
1296 4189
2068 933
4413 762
4501 992
3128 4661
839 4499
3225 251
238 4673
4155 287
1146 2715
3035 3577
4236 1761
624 1358
3933 1279
490 1244
4177 2478
456 2088
667 2453
338 3510
3658 2797
1196 1348
4705 2430
4443 3964
2629 2273
930 396
2551 515
1990 3163
3513 947
2544 2826
397 2345
4120 4068
681 4722
4607 4220
935 780
837 1994
4281 186
1856 4017
2897 2524
4078 2264
3639 4975
1786 186
2836 524
1050 4085
1474 2736
257 4108
3182 1512
3785 4441
4278 1542
4560 2819
5 1508
747 2367
3238 4236
4816 3454
4629 4697
1533 3827
4488 1630
1414 4855
4468 1881
4283 4251
1668 892
640 2193
3397 2664
919 4272
2093 1549
4296 1850
4889 2723
3528 3331
3573 4094
2855 576
2447 4698
3419 2562
1053 619
4227 4214
532 2703
486 2306
2562 2538
4033 4534
2579 4581
4615 4220
3608 1293
786 997
3271 3099
224 4826
3779 221
1938 3755
3067 4417
2678 4928
1680 3745
3652 4586
1760 1072
2365 3237
409 303
3503 4677
79 3252
925 2385
3861 1887
4291 704
1698 2530
1496 4591
371 957
4140 3812
1063 1596
3112 386
120 4109
1997 1033
4172 3521
3765 4929
227 2607
6 787
1747 2191
1733 2572
2096 3650
4063 4959
3127 2627
1026 230
1129 3274
4146 1861
4653 2501
3999 291
1046 4371
2044 1749
1444 3487
2418 313
2702 4197
2027 2396
2341 4356
3131 1376
4083 552
1281 662
514 1635
1187 491
826 3615
3431 3194
3002 1426
4038 2623
3408 2511
426 1723
3419 4013
4385 465
957 1998
4762 451
871 4078
124 1610
2892 2398
3341 3256
2463 4628
2248 1107
321 3737
312 2537
1434 1270
4969 3275
3537 2444
2342 583
703 2727
2668 62
4725 4982
3374 4654
3437 57
426 3197
2094 3455
1320 3539
1810 4068
4371 4442
442 1355
4568 3573
2337 4054
2363 58
797 1855
1282 4981
4450 3897
225 1611
3448 4224
2555 4624
4957 2434
3650 813
1070 288
1902 3969
4374 3341
4513 1403
2345 2018
1988 2553
4394 348
1898 1921
3817 2051
1850 1649
2776 743
4442 2860
4892 3873
158 1060
3649 507
936 4535
4919 2397
186 2384
3352 4309
4223 4458
3603 4026
1191 4291
3043 4045
1857 1291
3720 981
2611 4991
887 4958
2365 1222
1333 2301
371 200
1847 4538
913 3582
1061 1521
4385 2634
1708 1487
1519 4268
1715 4575
4022 597
2774 4694
2060 684
4014 33
2960 219
3353 4720
92 2725
1381 927
4077 2446
3208 4545
4751 4831
980 3474
4918 4796
3318 1991
4087 1476
4701 4356
2277 4093
1607 1522
4151 2569
1535 4530
4494 4393
115 3851
2517 2444
1562 116
4297 4299
2891 3598
2016 365
3528 673
2158 2842
2522 2658
1546 4006
4526 269
1775 3645
4300 2733
3998 4309
2976 4365
3825 3284
2337 3642
1290 535
279 4095
3274 4867
2083 3228
4790 1148
1614 3285
996 4992
4851 626
4035 335
3544 4296
1696 2474
2183 2027
4229 421
836 1846
3820 1274
4687 417
4073 3266
1665 3358
4645 3379
4011 4560
1655 1625
41 4704
3525 4234
1446 2861
3528 1099
1081 3591
1261 2352
2685 3504
1584 4092
2663 1696
475 3829
2064 4292
2420 58
3579 2026
85 1405
3376 2508
3997 1663
254 1870
3948 3948
3831 3726
3747 3436
1141 1871
2338 4651
1834 1497
4403 3718
942 3552
1859 722
458 1496
3249 3891
1841 1354
911 13
1438 4878
4062 907
2711 3709
382 2626
2377 145
3634 3672
3486 2835
4138 1951
3738 4320
338 464
3283 794
4856 4661
2247 2351
1643 3000
911 2240
638 3521
1288 344
2092 472
3874 2503
2814 4639
130 2114
4952 2731
3154 1232
321 3791
2105 3363
1089 3133
845 2281
461 4586
1579 3767
1422 4589
4857 4825
2367 2356
2836 2688
2509 2866
2987 696
2137 2937
3020 2965
329 1240
1444 146
1429 3521
3330 4741
68 4602
4341 3666
935 3157
12 4275
1925 2255
1660 1161
2662 1449
1748 2153
531 4790
3596 1982
4930 1306
1796 4166
4776 4259
1697 3092
4999 4160
1090 346
1551 1378
4769 4721
3209 1610
3700 4799
3094 705
4563 3195
4846 4630
2037 2111
132 3568
2579 1867
542 1272
1286 3930
2363 161
4380 2875
3981 3599
1685 4702
3423 1073
4708 833
4152 3269
3969 2511
2172 2023
819 3708
2315 1429
3138 2447
139 1994
4307 1715
1753 2333
4077 2652
4069 3725
1017 4307
811 3819
2238 2974
3854 836
1346 4167
735 4962
780 4063
3299 990
3958 4575
3154 3412
4281 2707
3964 338
3672 1323
3142 894
1127 4456
1610 3796
3652 1391
1669 4033
3171 4372
3593 3567
2255 2511
3003 3445
4180 1908
3727 593
1978 3265
3823 2509
108 2513
2890 4996
4791 2135
3577 4167
4894 1794
2574 4745
3818 2020
997 2307
3246 366
4484 1572
592 3452
3703 1489
4580 3104
2796 2133
4587 4902
2389 765
2776 787
1227 243
3027 1419
2632 2076
3055 870
3693 4792
558 374
2018 4766
2412 2751
636 3825
4936 1523
720 3163
1295 1753
494 2685
4067 4449
2184 1960
2473 1711
1370 3403
1880 1546
2596 489
2981 3232
19 3950
660 2240
2630 158
3569 1115
2427 3898
3964 1615
1705 536
4242 4322
2705 4861
1024 688
3526 1530
355 160
3843 4057
3067 1585
779 434
3150 2245
884 3414
2128 2095
1237 1463
4960 2054
3574 146
350 3606
2327 3626
2401 3599
3745 1354
757 436
1928 4311
4497 499
82 3424
3351 4532
4569 4307
2484 3023
820 1469
1623 2694
796 3405
3662 3597
2258 93
2212 3658
1310 966
2199 132
3418 296
1150 388
1148 43
2320 4858
3307 620
104 2670
3257 1175
404 492
2263 1654
140 4131
78 523
231 434
2729 3136
4593 3087
3144 168
2386 4998
4472 4457
3080 666
4886 2233
3732 2195
378 2202
2546 3164
1280 836
4274 4015
3753 149
3067 2288
3568 1279
2559 435
4097 3262
1858 2146
4484 452
44 463
2815 43
574 1275
1681 2895
2633 3056
259 2638
2250 3129
1737 4796
1201 2852
4790 1495
3201 3929
2630 828
890 4539
4588 2388
1354 3127
2668 4774
4450 4277
2187 1490
660 2698
1994 1991
1307 4719
3594 898
3914 2234
921 1829
479 2376
3074 1511
2473 2131
2603 2533
2579 2525
1232 469
277 2034
3877 2026
4904 91
2000 857
1207 4388
4829 183
61 2035
1595 3797
3521 2891
2307 449
246 2869
1641 34
3527 2938
356 2335
4776 4464
4479 413
4343 4166
1658 1668
1809 1917
1522 2820
4801 4981
4780 4265
700 3649
4154 440
2696 3104
3724 2037
2219 441
960 2203
2839 2770
4932 1319
4547 733
2839 1121
3589 2736
1303 4247
787 1071
3582 1960
4272 1472
1334 90
1060 1219
1859 3561
2221 1780
2632 2925
105 1462
2401 4974
2206 702
4063 191
2464 1377
155 2492
2401 4635
4730 1649
976 2149
3670 2000
600 938
1285 2774
3912 774
2234 891
2283 2644
1874 4957
550 4122
3969 4072
831 1499
4851 3036
2157 4441
1134 986
4386 4236
260 524
1780 2436
4103 3289
1115 4455
1653 1553
2342 311
827 299
518 3851
838 4201
3428 1616
2276 628
4558 3516
1121 554
2500 3760
3990 4728
3217 4343
3323 3157
2581 3047
4805 3582
503 1266
2483 167
4896 4929
3690 3620
731 1614
2905 2061
896 2581
1903 3799
2464 4655
368 277
778 1018
2270 642
4684 584
3939 1105
1574 4857
1981 179
3976 3264
3779 2836
3283 2808
2132 603
2765 3585
3023 2780
1198 3035
4116 2532
1407 4941
4249 4640
4299 91
1097 1131
2550 250
528 1138
4594 2112
4353 4549
952 3493
976 228
1067 1424
491 1547
4408 3136
4555 2532
2706 1104
680 2495
4426 4461
27 4961
1755 247
3957 367
1419 2817
508 981
3886 3519
2167 2895
4973 780
494 4258
3963 2309
908 3704
1080 1102
1793 2471
4479 2302
800 269
3434 745
2855 1915
205 562
4293 2138
2072 731
462 1278
3206 83
1585 1253
58 3394
1938 4236
857 4700
580 431
922 183
2278 1211
4354 2603
1134 3106
4829 3142
1180 1105
3158 617
2245 3121
1096 2402
248 4649
3405 2310
3612 436
2355 2475
2672 2244
1695 3263
2357 4099
2665 585
4654 3962
4903 4362
1376 4320
2510 4479
4468 2304
4810 3758
793 4472
1231 2235
4926 4753
1928 2806
3005 3080
125 4082
3635 1352
1642 4588
2428 3649
2833 3590
3220 2857
34 2727
1008 885
817 4297
2691 669
1733 2871
3261 322
1289 1513
1173 3132
748 3109
3055 2836
3067 484
2000 634
4405 3694
806 1308
447 4211
3429 4068
534 2207
2980 3949
2874 4248
4374 2978
1539 2079
2653 3651
155 2257
2720 3476
4306 3753
4829 260
4449 4652
2898 4503
3582 3489
373 3008
4574 4067
964 975
129 476
2335 1683
734 191
1921 1260
3175 2178
3165 2175
4824 3703
3532 3679
1569 4509
4709 2604
411 2240
1510 1555
471 4121
1855 266
4922 2803
4470 3726
3181 3828
148 4931
1464 924
1047 4679
4198 245
2177 4851
2932 2286
5 1127
2540 4078
841 1249
4366 4338
4759 834
2613 4459
3694 2645
2983 4327
3622 3493
1686 3786
2145 2482
1261 2248
1012 159
1436 2562
3069 691
2156 3715
902 4962
1998 1038
1415 4391
3445 4198
4722 3152
4332 3873
4208 2502
4330 4290
849 3120
3786 82
1265 1027
1039 3626
1253 328
3629 1599
1757 3602
3562 2194
4556 634
3372 1411
3458 73
1932 3385
2050 2529
168 2505
127 312
4294 4281
4466 170
4803 1024
4375 563
1404 1516
3406 2494
2996 486
3517 892
3725 3622
2322 484
2274 1535
4677 1363
2280 1351
2052 4041
3556 1422
3641 4168
2911 776
2094 961
215 3464
641 2716
4095 3410
4194 884
4191 1141
3937 3334
1598 4060
244 1212
4483 4984
2590 2282
683 388
380 4083
2045 4908
1769 1209
546 2690
4137 3751
1680 4750
514 3573
517 42
190 4384
2584 1111
1229 4299
1051 4464
3456 2366
357 3313
872 3985
2132 891
4485 157
871 2519
4770 1335
3721 1932
1318 2922
4466 4151
4494 1312
2280 3686
605 4420
1828 4601
2133 3975
2215 3389
2711 3078
850 1254
2999 1420
3252 3225
3739 897
902 4339
2706 4742
2451 130
801 1492
3883 3686
216 4161
1407 2754
1548 3350
214 461
3645 615
374 560
1904 223
2391 4116
3111 520
857 433
4099 3740
4405 1413
1028 796
601 4839
2311 4498
4045 3303
2550 460
4963 1668
3310 2456
84 3289
3874 790
4492 1109
540 4015
127 4901
1332 2752
1654 1736
2657 131
4242 4247
1212 722
2225 576
1892 3544
2821 4646
131 3222
2473 2422
4528 4631
4552 2151
1958 4385
1926 4327
186 4480
432 4583
2386 4801
231 1210
2272 3360
3303 3511
421 1238
1870 1496
2555 322
591 4575
443 4379
3174 4676
2205 319
1343 1757
638 611
607 2555
3292 2264
2724 2628
2188 4662
912 1027
1092 712
4544 968
4733 1459
2740 4437
4328 3604
4239 4982
4450 5
3461 3356
4426 3012
4068 3678
3831 4857
3636 1060
4638 2073
144 146
2736 35
1254 2174
4323 3367
3027 1662
575 4926
2767 4952
3489 1146
1720 4248
308 643
3115 2063
3931 842
2373 422
91 4926
1879 4408
1797 4504
2656 1932
4153 1501
1988 4607
3302 1425
26 1877
671 2082
1364 2368
1191 3176
1456 4047
149 1238
4955 492
2618 1373
4524 4970
2847 814
3982 4632
1164 1586
4000 727
1796 160
3607 3660
4948 745
507 2402
1313 2996
30 3231
1697 1329
4593 3209
2833 1188
4217 2925
2326 601
3334 1396
2872 1046
1140 2795
184 2329
1611 2133
4571 4110
4929 343
2558 2741
3480 271
1841 407
4049 130
3768 4987
2095 3809
716 353
1361 4919
2473 3393
4655 4610
760 4969
4822 43
3253 3482
2150 2692
1963 2229
72 613
1987 1392
3965 410
987 1255
4802 1341
4651 4944
1872 667
1442 2871
416 2022
3039 2195
2851 4287
2061 3779
2367 2997
1238 2049
1757 3614
1456 2601
103 2713
4300 2677
1080 3454
1779 4481
3700 1523
2347 4485
4502 2140
3216 1141
3584 3837
3062 4465
4125 2511
3761 3857
123 1349
3607 305
4748 3081
1830 1485
931 1184
3680 4601
3539 1175
2773 4064
387 4321
2775 1847
4414 1606
3872 3404
448 2961
399 1496
2898 206
2610 3015
2166 3838
1598 2584
2446 3384
2801 997
3047 2470
3568 3561
4939 385
2029 4280
4324 474
89 1432
476 255
1543 1506
1129 3317
2840 2037
1446 1200
3315 815
2909 1037
748 4553
1401 1095
1885 3270
2503 22
3723 4951
4692 4033
4175 606
1985 2427
661 4253
812 1913
4121 91
2297 127
4253 1218
293 4394
3167 864
4883 3805
3943 1559
2551 731
4903 2787
2519 2893
387 656
90 2945
2511 4726
4336 3096
1048 3754
2441 2826
1666 2186
651 216
593 2940
3755 1134
2492 4051
2172 723
3003 1639
3965 1438
3705 3977
4308 2751
1828 776
2136 303
4201 4242
1269 2357
1901 1931
2849 2125
1263 4475
315 855
3257 4983
3811 698
4629 2830
4964 2675
3075 2310
878 2718
248 4147
2713 4919
1723 755
2507 1758
4154 4201
778 653
4521 4483
4486 1303
354 3138
3533 4334
3232 559
1146 3809
4981 93
2048 4112
2340 3246
2416 1686
1537 4381
250 3786
3716 4229
1295 4098
2396 3308
4293 604
4296 1952
4573 1674
2809 3309
1086 4186
2595 15
3444 3727
954 426
2539 1343
4921 2748
2093 3962
4966 1316
4891 4404
2882 1681
1976 3335
2028 4801
4849 4384
3541 1085
4057 3140
2238 2333
321 4038
3565 3445
37 4432
7 2331
3793 3164
2887 3868
1226 1102
1021 523
3137 4936
3905 4821
3642 3097
1078 940
603 571
4341 1117
3224 4047
2102 3136
483 1752
4499 4388
3808 2856
488 3756
4903 3387
4034 3250
1251 3950
2592 2942
4127 1651
3863 2708
992 4612
1695 1327
2006 3002
99 2046
644 1945
1718 313
4710 249
328 3495
2970 2676
49 2648
3136 2471
2532 4226
3411 1183
4892 3866
1745 41
4421 1713
3223 4421
4313 809
2966 984
2371 2530
1890 29
2160 917
4056 1872
625 4236
3463 3503
1837 420
4736 4420
2532 456
3304 1347
4286 1043
1412 2389
409 1825
4043 31
2682 651
2559 1098
1410 606
3477 3943
2258 1215
2509 4295
3722 3149
2451 2172
3402 2186
4891 3064
972 47
3732 352
824 1836
2571 3100
1167 433
48 878
2916 2955
1541 2532
1580 4438
4147 2924
3534 2195
2807 2803
4270 3775
2442 2953
539 3569
1654 1429
776 4813
1348 433
3480 3409
866 1418
4898 4747
1985 1950
2596 1589
1301 1297
2372 1414
4742 886
2002 102
564 1015
3617 3094
2983 2682
612 3450
1324 2264
837 2300
3211 1866
2065 3726
3309 146
399 4284
4916 3123
247 404
314 2166
519 1338
2595 915
385 3956
3103 8
4160 3806
2855 3873
2297 2227
1841 3948
1375 2962
3359 3991
2918 2745
4081 3521
969 4000
4907 4681
671 3388
1689 303
3648 670
3158 1046
1654 3511
1732 3850
4623 883
374 1819
206 2496
1290 1198
2569 2801
1458 4797
4397 3603
4137 4730
4629 1947
1386 2325
802 1281
2268 2911
164 2750
3435 2635
2055 1502
1032 2992
793 3145
1896 4253
1879 2932
2650 218
4383 1158
4025 4814
1129 362
3745 1234
4887 697
1031 658
867 1888
2825 2875
3247 4477
365 3950
1919 3610
2390 2599
3411 3164
2896 4050
2768 963
2181 4587
4663 2621
4768 2816
1309 4385
4366 2029
1329 2061
2844 1444
2421 501
348 3231
2020 1681
1009 4179
433 2193
2794 3043
2456 4895
2916 2742
886 4577
4591 3302
2602 2722
4786 2174
1287 381
3867 1231
3882 3157
3295 1823
886 371
2231 646
4135 2292
3627 4550
3203 1918
3280 2911
3716 2880
1470 2885
1331 2388
1837 4143
3070 3169
677 4836
1018 1625
548 2915
252 2243
1825 4183
761 4646
4864 1773
1469 1988
3263 4204
3352 1854
1821 4184
2037 3225
250 3123
4004 2421
1410 3657
1431 1398
4659 2446
2218 249
629 2966
155 2261
4129 4920
2641 243
3706 4680
3993 211
4041 3840
4884 3940
4388 4106
3732 1568
3998 4404
2677 1058
962 713
976 4125
3017 1432
627 2658
4955 4067
2604 2253
1610 390
620 4941
2225 3562
3113 3662
1220 2229
4715 1685
50 1392
3928 1999
4420 3765
770 4214
3361 4370
454 217
4394 2407
1785 4471
2273 3239
2395 3784
623 934
261 4120
162 1648
62 3945
117 4026
1833 3764
4777 79
1578 4731
4674 3985
4968 1910
3620 2618
3669 4048
460 3661
1863 4373
4563 630
4659 2130
3189 1427
1296 3961
520 2510
1478 2960
4504 3800
4722 2437
1863 539
2249 3376
946 4331
2297 3733
4646 2723
3767 740
2777 736
1603 4655
1646 2612
785 1927
720 2329
1024 636
2367 383
2197 3527
521 844
3210 4165
3879 3415
335 18
1896 1233
458 3095
3772 4617
1491 2435
4750 3195
712 4721
2300 4908
1992 2595
571 1852
1083 19
4124 3488
1294 2626
3587 611
4933 855
4894 1264
1336 2733
610 4759
4448 625
1624 1433
683 95
3015 4490
1722 3712
2500 2195
220 1994
3852 664
2084 2044
1306 820
4414 812
1363 151
4871 4384
2750 410
3577 4421
2642 3951
4949 3111
3536 4015
2891 3093
4312 4721
1197 16
559 28
2619 1896
517 266
1751 2459
3405 4369
1912 1139
653 198
1260 3379
4437 1856
382 3678
4693 2975
1799 4819
4775 4751
4640 2985
1804 669
2158 2731
4811 4188
1326 1817
4371 2828
1744 451
3337 1024
713 3714
2525 1651
520 2052
3407 1063
2234 2923
4911 1241
4088 3836
3722 4564
1494 2895
3768 1960
4263 2728
1970 3167
3468 3848
4538 1060
1219 160
1155 864
2924 3412
4615 594
3151 4408
3374 3946
1153 738
580 163
2638 3603
2924 4635
1680 2315
3896 1272
341 4704
4659 3200
3606 4779
4005 3717
2188 1703
1141 3363
742 526
2182 4480
4053 2794
1088 519
3704 229
679 240
1939 4894
3097 3983
3674 4809
4912 3776
140 4793
2039 1852
4523 2452
4642 2899
4855 2307
3174 3094
2298 1861
687 487
1518 4127
2872 3808
2163 4722
701 3012
2045 2448
4189 4614
1177 316
2043 748
4480 4166
2724 4959
3285 4416
3467 2938
3400 3033
3407 1597
2853 3283
486 997
3886 3978
4067 881
3781 4883
3410 107
2758 4462
3853 1041
3809 1178
2511 128
2165 3588
4445 2252
640 2700
4861 1886
3091 4124
1526 2251
3818 4741
751 2996
1634 351
75 4687
1450 1413
1322 394
1828 267
4332 3735
1549 2350
686 3408
2296 4510
3286 1752
1521 3450
2675 4724
2308 2832
1782 3340
238 663
4973 4194
3068 2899
4902 294
4352 4172
4185 3283
442 1804
1350 306
2730 3043
2101 2305
1507 1521
4148 1895
2107 1479
4227 4575
3728 3522
2891 3046
2453 4173
1637 770
49 4121
3872 466
280 516
3714 1492
1371 172
471 2655
3755 1206
423 813
795 3096
898 2020
4891 79
951 3754
825 3765
4554 4923
2162 4114
123 1425
2190 3302
3963 3470
793 481
2794 2248
2125 1255
2348 1993
741 4427
3154 698
4565 1127
3572 1948
581 1149
2420 659
3132 2846
4054 848
2265 764
2723 2529
1205 3373
629 2927
2212 4823
3413 4307
4395 3442
312 4821
4235 3679
2176 2363
1427 4035
3910 1267
20 3431
6 3245
2629 3016
2723 2968
567 294
945 1872
4563 4979
2505 3944
2440 3553
1639 1657
3105 1584
1039 3543
3842 2540
3566 4564
1818 3783
3885 2708
3228 2272
4568 1053
4425 4103
1133 3248
3608 3867
4688 1336
1173 4410
971 886
1455 3277
4163 2903
3922 2110
4446 1275
3885 4799
4832 4098
1551 4184
268 1180
3587 2627
2312 3005
1274 2632
4153 4188
2191 2656
2597 2103
1365 633
2072 1837
1269 1781
2294 2871
3612 855
992 1700
737 4291
2889 1623
2052 273
1248 1351
1842 358
2368 1867
3741 1590
2434 3080
2857 3562
2580 2968
145 1049
987 2936
3223 1431
4404 4495
1682 4215
4289 2710
1058 3526
3935 4225
4247 3694
1915 2368
2431 4459
2677 1234
143 1598
1468 1087
641 2075
3913 3479
2691 545
2104 2524
136 349
1641 1026
1912 4907
4765 1855
475 3323
3644 2346
2490 3084
323 3300
3398 831
2466 1605
4298 4891
1260 4509
1835 1792
4512 1009
2057 618
700 3397
2565 4572
3041 4876
842 2806
1209 3809
2232 2461
1157 1984
4723 4238
3355 3951
3090 4686
325 4811
84 297
2085 3576
3981 661
1140 472
2765 3554
4810 3927
3282 4880
3903 33
604 2693
384 2360
4926 1586
1373 974
4029 153
1408 4100
3696 2197
4408 4269
831 1029
995 178
1265 1582
4378 1098
4845 3572
2230 2293
1138 5
456 1509
474 1667
2102 770
1025 764
2106 4057
1947 1384
996 3120
3723 4430
1352 4680
3897 762
4282 4207
2691 2447
1934 2194
4172 4365
4188 115
2745 1815
3600 2013
192 4284
4664 1641
3660 1304
3190 3387
2251 4927
4413 3958
152 2821
2729 3777
3188 4293
279 1413
1472 4588
3603 2851
2837 4024
497 1775
2724 114
2051 4299
930 4253
3585 1113
2443 283
3974 658
1472 4235
4479 1964
3179 4640
1686 794
1326 3369
1357 1206
427 4440
391 2004
294 4594
840 4611
695 4290
3468 1693
2212 2498
565 680
2835 679
4654 2240
1245 3287
3764 4555
502 1338
3893 3897
2185 210
1672 4358
4961 3489
1220 3230
3706 774
373 3868
1965 2411
1080 1454
3778 2189
1688 1152
2368 705
4633 3363
3352 4096
3786 202
2040 3782
3664 3785
3891 2149
4517 2283
1101 2777
3399 4102
4077 4192
1868 4869
371 2576
3828 3202
3272 1500
2751 3717
1365 2669
2437 2070
1980 1785
4612 4595
4179 3898
4804 4494
1783 4901
7 4847
300 4478
2436 1633
4162 4125
282 3179
4812 367
2537 2077
1299 619
4637 4501
927 3862
1292 1677
3685 4582
2270 723
3515 1016
813 3085
2648 1423
4266 4902
2818 602
1550 1314
527 1488
1698 2810
1589 842
2734 2236
413 1077
414 4450
3521 4282
1675 4493
3759 4092
3205 2493
1485 2750
3862 1928
412 2230
3818 4462
2458 3362
947 1852
4143 1037
4696 3357
1785 3398
3885 3857
1891 3398
3422 4080
4616 3948
4118 4440
2461 350
4364 903
3069 1110
1252 13
790 2527
1068 4752
4480 4154
21 262
950 3321
1913 3425
805 767
820 3194
1969 2467
602 2605
3679 1775
3568 1892
4013 2417
2631 514
446 3965
2115 2127
4570 4573
931 3587
273 4878
4328 2233
1088 3360
4560 3385
1196 873
4284 3834
2212 2159
1941 562
4331 4457
4830 1867
1930 2144
1243 373
4373 1743
1063 3130
4988 3620
1259 3241
1553 306
4954 4218
2145 3260
2545 3483
3443 1480
972 61
3406 934
1924 3726
1696 412
1852 1739
2936 4016
11 226
1861 1896
3028 4570
4135 2201
1712 2535
3619 82
1822 798
2837 620
4848 865
1934 2160
2151 1967
1292 2917
4801 1731
1073 1173
390 135
867 51
3067 3350
3874 1596
4101 1795
3465 2703
2239 3609
4492 2585
2519 4159
1648 3969
2794 607
1192 941
0 1716
1355 4656
3754 4462
4882 3248
3168 4812
2799 2544
4063 3460
2978 4671
4511 833
1029 3578
131 4530
4991 3429
4250 3995
4142 2377
3986 4723
2157 2867
2148 3321
4501 3185
3338 4515
1208 1882
1117 2540
3816 912
652 1337
1814 3532
4894 4697
2815 3431
4800 3079
4977 945
3467 3437
1051 488
2788 1510
2506 405
1079 1400
3568 590
2710 525
3854 4068
4818 2685
1707 42
2773 4593
3021 4529
518 4990
2707 1569
3835 3659
2549 2936
2277 3241
3683 2432
3765 4783
3371 4417
3629 215
2598 4587
2545 3465
2242 4285
259 2257
1242 4215
4406 4983
2672 456
1635 1588
1949 2661
4607 2148
224 1495
4014 3364
2938 2536
4368 4248
3619 2097
3057 4385
4245 2363
31 562
2277 4880
204 3718
3794 109
3187 3736
2334 1495
4896 4383
345 3798
4736 4275
829 2194
3152 3192
4165 3409
3289 3598
2422 1707
4448 2178
759 4498
3908 21
2605 3897
3529 3439
1535 4975
2009 4552
3417 3432
4546 4987
739 1201
4587 727
97 806
2224 3355
214 4617
4540 1925
3977 625
262 3727
2698 2549
2581 3238
3998 139
2461 2784
4805 770
4555 1786
2845 4184
213 908
104 3793
4970 234
1960 2357
2545 111
746 3196
1126 3784
3216 2616
1231 1274
2161 3191
1869 3761
3307 4316
4549 4982
2993 3345
4582 4955
4959 4899
701 4687
4442 1418
939 3441
1077 164
3417 4690
2565 3389
3626 4476
4078 3292
1334 2057
3207 3733
4352 2929
561 3366
3069 4075
4117 2713
4540 847
1330 301
3973 1854
2598 4521
1194 711
4956 566
10 1023
4316 1888
2020 3436
4184 2081
9 638
586 946
2130 3483
2787 2759
3921 2909
2110 1485
3891 1697
3043 2674
970 3039
4160 3873
57 297
66 3049
4321 2483
321 4994
1889 1493
4081 3339
322 2807
2269 322
1992 1330
3814 1841
964 2655
785 737
4054 2046
1294 1974
80 3413
4228 3655
478 4915
3355 1472
4402 2552
3505 4518
1276 3939
470 3430
1014 3519
427 1074
1293 3395
4853 809
3787 3261
2920 2290
346 2194
2878 1749
1259 3580
2151 1750
4 569
1130 1222
2064 4908
1385 1016
4913 2594
4410 725
2872 586
2162 2373
3541 2274
653 4507
2970 4091
1448 3819
1777 80
2520 778
1879 4696
3475 3930
80 4190
2275 593
1161 1489
3027 3469
4236 3557
3634 3742
4790 4989
4357 4800
1045 4266
1305 2715
77 1301
3462 385
1618 1781
1031 2411
2631 3142
461 2960
4261 4878
4363 2667
2447 3757
3677 4528
706 1657
2546 3548
506 2466
3136 46
1320 4216
2454 4973
143 536
4556 3383
4870 2725
719 4490
2328 4017
2162 2939
2455 3143
1398 4546
1855 4923
217 1270
4790 713
4844 2546
4217 3623
4079 3811
4210 1432
3047 4725
246 1230
2760 4025
4218 2803
1757 4813
1126 1356
356 1808
434 2259
271 2208
2109 2791
781 1514
4196 4018
4911 2941
391 4239
3390 2084
599 4174
2177 702
3268 1773
2388 2484
1131 36
2965 2990
629 2837
1816 314
4962 2223
4387 3938
44 1278
2899 4297
193 2112
2629 761
688 1926
4009 1020
4820 2237
4536 3446
990 1272
1950 1971
300 2316
1258 2970
2544 535
1427 3861
4068 1766
2757 1276
4977 1058
3913 909
3863 1998
1026 4435
3735 3936
4436 208
2020 1089
4551 1895
2783 2587
2105 4019
3018 686
105 3189
1924 767
815 694
1299 4725
4098 4474
4536 2265
4106 93
1932 4193
1131 3517
3361 3481
4795 4531
3691 2752
1714 4175
4573 2914
4840 863
648 3535
4885 211
3957 111
4602 3496
940 2712
325 4000
4909 1182
2505 2442
3468 805
4924 2916
1034 446
4666 769
4918 652
2830 2096
2458 4281
1 2675
4738 2858
371 3112
4399 1740
270 4088
1673 3898
3827 321
188 1692
4060 2083
1025 2669
1984 3619
814 3313
3693 1983
1264 3393
3695 1615
2955 2005
1271 1620
2764 4013
4575 944
3558 3875
3081 2889
1336 1752
4543 4203
3016 4506
3534 4441
1449 4942
2884 2568
1344 3320
2480 560
4141 1965
808 3896
2084 4409
325 4557
3090 4833
3084 943
3101 3543
4886 2960
4173 4070
3934 4337
2983 1001
1722 3178
2872 268
2091 2550
1173 1454
447 4585
1761 1930
3462 1383
945 3337
33 4587
3929 4725
4230 632
2641 708
408 2735
530 3591
3476 1966
1723 2150
4334 3905
1776 938
3562 960
705 1863
3030 4757
737 1764
2212 424
677 1337
1766 2185
1388 3523
4210 1337
622 3110
2837 3469
413 2280
732 3663
3600 1246
4005 19
2207 4037
2732 3052
2888 3239
841 1393
1096 3753
2727 2959
3909 4509
2168 4107
2464 4256
2627 3036
1744 937
1344 3475
2177 301
1970 4745
2028 1980
515 3843
1928 577
2958 4452
2830 3
1821 4143
4242 4803
3722 1520
997 4041
387 3774
3471 2287
1766 2238
2338 1930
4396 4383
1970 825
4523 1782
1081 51
4140 2590
2895 1265
115 3709
4390 1589
756 1518
555 2526
810 3014
2345 1929
4354 3605
3015 4174
2919 1068
1338 4836
407 133
4669 3849
3803 4811
332 4593
2076 2463
1921 858
3128 4516
2461 2075
979 4879
2360 4887
1602 4751
924 1738
1587 61
3100 1422
1441 4368
674 58
4580 144
3669 176
4373 4580
4161 4474
3662 2450
1057 3608
4008 3899
3983 480
4246 3065
996 3226
2671 3837
467 1375
2681 225
592 38
2233 855
2495 4322
2279 4012
4062 4540
957 4901
1580 4416
3960 1388
3707 2294
4104 911
3832 2352
3738 1605
4260 1147
1948 1117
2507 372
2976 278
1553 4024
1522 2565
404 511
1708 3894
77 647
2561 3282
1760 185
3013 2824
1275 1185
115 2356
4036 4863
3481 2033
1186 965
3262 3484
2605 941
1916 3086
1730 4137
425 1718
3463 1118
3111 4361
1845 1717
2594 2070
3850 2103
1705 4915
3782 3397
1598 237
4494 3057
2121 4032
3428 3189
3737 3428
160 2310
41 4576
3031 1540
1697 3453
2858 1049
4171 1833
2378 2131
1582 583
2902 1696
1289 3248
4663 3533
4181 3544
4451 1499
1884 1727
3285 2207
1440 1026
2262 2892
4747 2453
349 3190
4614 2464
802 1622
454 3
96 3085
3985 575
2384 4623
2055 459
4002 262
4803 2288
4119 4776
951 1873
2258 2302
895 994
2485 601
4903 2236
1247 3755
750 3610
1691 4039
819 4019
3988 2599
1782 4868
4972 128
2720 1889
1484 4580
244 1696
2869 4755
4543 3075
3958 1767
4787 288
3447 4787
2879 2518
337 4798
1523 4134
1432 410
4102 1068
3377 4532
3530 256
2349 3671
4488 4101
2776 714
101 958
2579 2234
1422 1904
2669 2621
2584 2128
1344 2661
1920 4433
2592 4684
1649 1345
4854 1418
900 3778
195 3305
177 1816
4104 4313
11 3372
2394 3661
218 764
3075 2912
346 860
4379 853
4001 4213
4390 4099
798 632
4046 3321
2069 4472
2353 3419
135 145
3822 3977
3110 1777
1985 4337
3661 1633
4998 4768
2454 943
1386 2890
2870 124
3461 4971
739 1605
3211 4593
1101 344
1850 865
658 3461
2605 4082
1268 2502
1415 3569
3557 1389
1084 3626
475 1568
4649 1784
1670 4875
668 4842
2453 1683
4526 3187
4945 2314
1516 3867
50 2732
3997 2207
1885 1957
54 3673
2639 4901
4041 1669
1515 2649
1252 1690
4111 1742
70 1417
3637 68
4004 4534
4517 238
4522 800
824 1746
1421 3998
3647 3905
3004 4479
4249 2092
2647 1374
860 4536
4248 1057
2787 312
39 1324
1598 1950
3409 1767
2872 518
4648 4489
905 3903
3653 1622
803 791
1338 492
769 2634
2788 343
1795 4934
1518 348
4583 1998
2145 4912
2442 4296
447 4925
2220 3885
2711 3749
1394 101
594 2462
836 749
3300 1491
2550 3998
2582 1931
2181 4443
961 1585
1391 47
2261 4191
1076 3384
2911 671
844 892
4272 4199
766 3502
178 4560
1056 173
3967 315
3028 3778
4114 689
2311 579
1782 3918
3189 1577
2037 2561
3800 2874
456 3619
8 1532
4174 3833
692 847
672 3471
1398 3294
1449 2963
2205 4018
3666 796
2004 4858
2595 885
4216 1842
1062 2129
3118 3095
3230 1244
2691 4477
2973 2108
1669 2477
2114 2475
1230 727
841 1386
3594 4248
3229 1083
2398 3207
1473 4315
1112 2633
3660 1794
2141 2407
1730 489
4645 1922
4519 110
3379 2739
4734 3255
3072 3192
2840 3881
632 726
4689 2555
3164 2024
2612 3020
1318 938
598 4582
1492 732
2096 2357
2131 4606
2630 2088
76 2837
236 987
452 4983
864 2902
4710 912
3027 2006
139 3882
506 2198
4122 4042
569 4562
1690 797
1750 2335
3691 4423
2435 4882
2901 4371
1461 4420
2905 3236
1818 3390
2300 3006
2535 4879
3425 218
1239 1527
3277 917
3800 2895
3206 1732
232 3776
4637 3861
4757 3884
1995 3637
1641 4516
4488 4490
4004 2223
1710 2260
2068 1820
4644 869
2655 2853
3655 1985
273 16
3042 540
73 811
4030 1927
3541 938
1444 1351
4590 3152
3695 3778
1695 1816
2400 4758
367 1127
1761 1336
998 2897
1802 1862
1203 3500
3426 2922
716 4940
2933 787
4583 4436
3348 1953
4029 1510
1523 4133
247 2711
259 3971
400 2810
4376 853
2378 4719
4653 4725
1012 2808
3834 3366
1353 2144
3728 3863
1476 3664
435 1350
935 3216
4654 3037
1619 334
4205 1436
3842 3734
3315 4443
3440 3510
3060 2801
1520 2412
1717 1198
835 1486
2232 753
4291 1598
3987 1231
45 4752
2039 473
3949 1521
1727 1056
3028 2535
1615 2352
804 1687
3475 4870
4252 2047
57 1767
1790 2216
3175 3423
2430 1559
2982 1067
646 2936
3217 3187
2028 4031
2198 2551
4589 2381
1674 2781
1474 1988
1716 3845
1224 136
3567 2393
1903 1481
4419 1027
3912 128
2814 3357
4905 1734
3987 2104
4925 1772
1324 441
532 610
3692 2878
2290 744
2525 4993
4419 546
3512 4662
4068 2043
2820 183
2733 3474
4813 2834
3122 3481
1653 2355
465 3736
3497 3971
486 3349
682 269
2401 893
3812 3089
3937 140
1659 39
4946 1189
408 345
3890 4182
4636 149
3650 3571
2068 3246
2904 2790
1194 4870
2344 3136
3444 642
1571 3007
4621 2474
1608 1475
4666 235
1182 3350
1088 75
1708 3408
4904 488
7 4580
3844 1190
3243 475
4451 555
4053 1219
648 2809
1149 907
3257 2095
1009 598
3075 3572
4612 4353
1595 4673
3341 2411
4927 3698
3052 2392
1451 3457
471 2946
1720 2126
899 1508
4271 3847
1582 2004
4699 3072
4113 3589
4916 1992
4035 3790
3255 3856
1809 1291
3410 2928
2945 3566
4126 4903
934 1385
1590 4294
2958 1018
484 994
2926 3827
2619 3925
471 381
4303 3864
3178 2290
4440 2695
4535 860
4773 2681
4187 1444
748 722
3096 4266
3920 1734
2254 4734
1708 1845
4111 3194
4092 2662
200 612
2732 2489
3036 4419
1663 3364
4227 709
2857 4473
4703 4666
1688 2451
1607 4217
2597 2876
2468 4173
305 1316
512 3988
378 4608
2279 3836
925 1588
4702 1922
141 30
4608 4281
545 2049
1896 2531
4420 698
368 3286
3870 2307
1160 1878
1472 1482
2658 91
1533 3629
4761 1159
4260 2564
2634 3102
4529 3594
1227 3778
91 2922
3537 2818
1576 202
4197 951
653 2222
1902 67
818 4972
3098 2662
2586 536
349 1662
4976 852
2525 442
3580 437
4868 2563
4373 2900
1508 1496
3505 1519
33 1892
3960 4076
951 4462
3127 2753
3621 2637
4392 1139
3321 3638
718 2906
1947 2356
4014 2213
3382 2514
241 1519
568 4879
2486 1821
1875 3007
4812 978
3396 2594
1109 1706
3793 4236
4239 2463
4184 2688
636 3235
3714 2041
2153 107
2902 2687
1235 756
322 3762
493 1581
2636 2327
1862 3441
2262 4676
4672 4567
3496 1737
3219 2912
2696 60
360 2188
3188 1473
2114 3617
3224 3797
542 3601
1395 1309
1123 614
1476 3912
1188 4701
3970 3837
3059 997
1984 2914
504 4690
1568 483
3358 3419
950 3411
3527 3156
1053 1610
1918 3088
439 100
130 1062
1710 4281
538 1735
160 4934
1955 3226
3199 4671
1199 3884
4694 183
4088 4927
3511 1006
370 2342
4369 837
4023 826
3751 3665
3188 604
2316 2818
4792 2824
1018 2335
2204 930
3691 240
4998 2359
4678 8
4280 2267
4859 436
741 4506
1970 2044
3532 1501
3004 3942
3389 2092
3125 1737
1248 1546
346 380
1605 177
4509 3899
4229 1731
1167 1515
416 2666
533 4284
1480 4124
2315 312
3675 4071
4964 1675
3206 269
732 2513
620 3884
2869 710
846 2045
2877 4774
2116 606
809 706
4522 3398
851 291
4149 2061
4670 2687
3309 4142
3218 1517
4397 770
2083 2630
1773 3313
2892 2898
4609 3663
3329 2388
3178 3898
282 3372
1794 4883
4275 1455
573 1848
3800 2700
2259 3429
1134 693
2977 4091
1773 3552
3015 4766
2633 1993
4613 1046
312 4935
3959 3202
214 2064
4904 3107
4515 3065
3938 4333
2167 765
4803 2437
756 2617
2547 1854
785 3466
2850 3703
247 2228
3103 4817
2579 3041
2434 671
1388 3178
3451 1543
239 4380
2892 2663
582 4914
9 773
576 4834
1624 3312
3394 4743
99 4237
554 59
2123 3982
1116 687
110 3637
2213 4288
2177 3713
2973 1279
177 315
1082 3686
3530 1776
4687 698
3883 4874
3763 4673
3049 3453
302 3369
2455 1635
903 3011
519 61
4256 1746
699 3687
2203 3260
4260 1719
1894 260
380 4570
3809 3681
4782 1522
4288 1462
355 4479
2780 2815
1680 2505
4092 1493
4234 887
34 454
4572 4200
2208 2756
4799 3564
2952 2464
704 3037
1227 739
4616 3271
561 4793
2685 1945
4311 3242
2981 4456
2911 1246
2658 295
2697 1684
3569 1244
4552 2264
3437 4273
1023 3535
2113 342
4225 752
1890 4656
4496 3656
4154 1256
4174 2610
4233 2450
2679 1265
2926 2056
4992 3347
2860 571
576 1645
4463 2046
3508 477
2014 1055
3113 464
3634 234
4026 4336
3244 2283
978 2657
4622 712
4811 4984
2007 1361
4173 2688
3626 965
1898 4227
1064 2946
3166 698
4481 1360
4556 3345
4418 35
3515 554
3153 3844
447 1556
572 83
2580 496
4671 202
1910 2487
1132 1473
4964 1859
3628 4633
3378 4649
252 3111
3405 2856
659 3360
3770 2305
2055 4339
3152 722
4184 2848
476 2713
4900 539
1826 4281
2297 1324
4353 2412
1082 3830
2360 470
4841 881
2532 4713
4922 1799
1635 698
2224 312
411 287
1096 4475
4164 564
4043 4105
2180 3113
434 199
473 4737
234 3720
4609 2194
774 324
637 772
4900 3618
636 2071
1616 2013
4332 2709
4116 3310
355 1593
1857 2693
347 995
1727 605
2220 1850
3912 3788
2468 780
3179 1099
4337 3141
2149 1280
727 849
2113 3526
2541 1248
4328 1766
1210 1429
556 1260
1221 810
3526 3912
1010 3564
2800 247
4720 3535
2076 3381
2007 1638
1275 481
719 345
145 1326
51 787
2358 2226
3789 1958
4888 2381
1171 61
4003 4967
2119 4238
3899 1109
2364 1443
2681 4290
1412 4948
3648 3527
2822 2522
4059 151
3845 4786
3600 2265
388 764
3548 3106
54 15
2538 542
1202 307
4983 827
4139 770
2300 1882
853 4867
3294 811
1915 4365
2666 2909
1214 549
802 4615
3888 3380
108 3573
1303 176
3290 3866
2773 2637
2820 782
2235 536
2833 1908
4654 3512
85 827
778 961
2172 3767
3274 4190
3621 2363
4778 4211
3889 2197
2036 4052
459 1375
126 2741
2466 3437
877 406
1601 2784
3907 1955
2327 4998
4531 2222
2162 3075
4926 713
1399 3008
2053 2212
4708 2550
2710 391
887 3823
2685 2269
807 3690
863 4789
1880 81
876 3214
1772 1704
2621 3342
2029 4092
3744 4591
4335 3254
3429 2094
2938 3555
2448 1826
1541 2697
3975 3990
1134 2672
1974 4898
3350 3626
470 2916
3081 3576
3988 1503
1603 1547
3517 541
1758 1740
2599 4287
3296 4121
755 2221
3930 692
1959 1979
1259 2929
4344 1035
3586 1659
1764 3361
2979 732
2701 104
3584 2520
682 974
4657 1685
3984 4534
983 4121
1901 2978
4865 743
1333 3898
3778 4447
4429 4861
4810 905
4133 3459
4736 4214
4955 3438
2969 2051
4338 4019
2634 3955
1450 408
2186 1584
4184 1139
1595 1966
3606 2092
2583 4764
4126 2424
2558 840
647 1548
574 2989
1978 1954
68 2875
711 4627
2878 1876
736 4201
1363 4055
1743 2416
1554 3530
3187 2416
4447 1824
4998 449
3604 4629
1506 1380
1220 498
4553 3378
210 138
2012 2252
57 4304
4803 2797
1005 2962
1179 2376
4838 2894
318 553
909 3423
4941 643
3918 332
2136 2166
3597 477
61 1506
2694 3355
2415 3308
4500 4667
1262 428
1595 759
1084 4681
1770 498
3432 2994
1343 3517
2404 3417
4350 2274
256 1686
3005 3292
2921 2598
1646 2297
2588 1133
208 582
3964 3807
2759 2685
4508 3927
3015 1637
4967 786
2248 4014
2146 963
179 3208
3442 4156
4291 375
2698 1901
3735 4781
2389 2796
1044 452
4314 3898
1511 2606
2854 4726
895 3347
4771 664
481 1070
2085 3140
381 1925
2541 3256
3174 4995
3479 1148
1071 275
1014 3486
1753 1747
1144 1062
3201 1227
308 4357
4886 3552
2311 2309
3984 946
845 612
2444 1934
1805 1171
3692 888
110 3237
4307 3249
4541 4511
3006 2145
2641 2403
2174 2410
613 3952
4339 4337
1172 345
3250 1225
116 344
1950 3005
4121 2887
3301 3497
777 1883
3865 102
2352 2390
3863 2096
4074 3767
4636 4998
637 4896
835 1102
4146 1140
164 4642
2224 2963
1110 4867
2296 2579
3949 2968
3792 1132
4167 4787
4047 3577
352 2584
1663 2062
2045 1691
1776 4458
4333 2717
1696 1042
3828 2186
2633 1223
753 4755
1363 4934
2183 1707
2217 3634
321 2136
824 3872
967 2415
929 4935
373 164
663 442
2658 421
732 2395
774 2290
3934 4053
4 4196
159 1246
2887 87
962 775
4465 3981
553 3754
1894 248
2732 2879
2472 2235
603 2939
652 333
4493 1717
305 3628
57 4558
4993 2674
4809 2285
1359 1694
4047 4460
2584 330
4800 4930
3791 4741
4309 1774
4689 724
2928 2325
2415 1929
4651 736
3249 3280
268 469
4007 946
1020 751
2251 984
2071 517
3682 2230
2767 4645
3338 2841
2537 3347
4190 494
2665 3690
2252 3737
2648 2301
607 1903
1315 4874
2720 4312
1080 4595
4335 708
90 3787
4072 3785
1179 1642
1433 734
3641 1237
4415 1512
3009 4629
89 3982
4568 1202
4468 4346
2161 827
4613 343
1176 4661
1429 1994
397 4550
1966 4726
860 3541
3612 1648
2922 2215
1943 2939
3418 1144
933 377
2765 853
3428 4320
3159 42
3461 2524
2134 3061
1244 3342
1718 3717
2540 4377
1544 4088
2048 4596
2505 72
2275 3273
1822 4770
4793 1778
1350 1779
1167 827
4240 2014
332 2151
3290 1390
27 1074
3875 4397
1313 3784
321 4471
2105 2297
4620 4622
4983 1754
1692 3322
2234 4361
4077 4933
4154 93
4312 3888
2928 4895
3358 4325
3629 2705
4117 371
4995 313
2437 1591
3392 4345
1428 3901
2480 359
1053 2163
4794 1628
1432 4982
731 2396
3171 1124
367 4449
1605 2085
3534 4995
827 4846
2634 3448
1956 2227
4631 3884
2775 1961
2588 2501
2676 2893
4302 4446
872 2204
3483 3430
4218 4777
291 3348
962 4188
4075 3490
34 3285
2076 2306
1508 1317
4320 873
3338 2748
3812 927
3645 189
3329 4112
3437 1578
3973 1515
3552 2317
1222 804
1806 4325
4767 4831
512 825
4467 507
1368 3788
1102 4841
2476 85
2026 4712
4149 553
2295 3847
92 4031
812 4958
307 3008
2418 3209
3881 3634
121 1
3751 4879
3585 2521
320 1142
3034 690
4150 3326
3839 2003
3215 715
2981 3577
311 4982
506 4319
2318 333
3753 4090
1618 4580
2457 1756
2751 1678
4877 3915
707 3716
3191 1677
2470 3249
2125 3802
2999 4103
4069 2341
1394 1802
661 4256
1444 1664
1683 2068
1673 2769
3915 954
3765 896
2575 1857
1615 4446
1896 3508
3892 3863
331 4639
3263 1299
1847 1134
1190 4636
1819 3202
2936 2527
3940 1209
3370 1105
4876 1601
441 2607
3831 264
81 2754
1886 923
924 2541
2174 2121
551 3300
2539 2476
4918 2603
3117 2483
872 4808
4133 2358
2805 3246
2697 2424
4803 3487
251 4290
4152 3365
2648 2954
18 3252
4332 1535
882 80
4938 3399
3824 863
4513 439
2471 1291
3115 3750
1009 2615
3959 1942
3197 1282
1830 880
3436 1068
3362 4764
4876 3604
2874 3522
3324 2452
2307 4136
2126 4539
2233 2088
2250 1493
3587 4332
2279 2400
1068 2673
2964 773
1685 3814
2853 4408
919 3727
393 854
2671 66
800 4043
251 621
474 917
208 1538
1011 4257
734 2649
42 2240
4203 3800
1121 2109
4020 3841
2591 1366
331 3720
4312 3172
2305 1655
294 408
3332 1649
2201 3204
4516 1471
113 1396
4432 4890
109 703
2622 3846
4284 990
1071 4358
1913 559
3056 610
1996 3062
2981 2
3642 2265
2912 3286
4694 2447
2335 1484
4113 4268
4252 4380
2494 1555
4637 1987
4920 3393
36 1146
68 1217
386 1755
3667 2306
4508 1576
2536 2313
223 1088
2168 1684
975 2862
2615 4469
2747 2895
2278 471
2613 4280
994 1336
4989 1642
4721 514
2773 3755
4982 815
671 1018
356 705
139 3143
2894 236
4701 3476
2021 2337
2739 2548
1203 2703
3771 1863
252 4808
4307 1775
2348 4061
3547 4450
1923 855
380 396
3293 1675
4396 944
2135 2105
1497 699
1092 3602
4451 3925
4229 4683
3239 3444
1598 3130
4917 3863
2621 3292
2243 613
4406 2984
3930 1375
3402 1436
2494 136
3006 2266
556 160
64 446
1892 2239
3468 31
3349 4004
3740 2639
2055 3090
2766 1129
1916 2660
2503 4934
824 149
2741 4420
2840 1030
3323 4556
4111 4669
981 2854
3978 4982
4131 2075
1589 2489
3819 943
2511 4271
3335 1049
4505 746
933 1320
2700 4633
141 2859
2031 701
2365 4021
1200 1659
1297 1084
2210 1165
4982 485
3300 4663
4237 2733
3346 1227
3285 1542
4341 4866
2713 3420
4558 2272
3352 83
2297 4930
788 1199
2332 239
4354 3288
213 3168
2448 1272
2315 2941
1773 4433
1605 4502
17 824
3455 4411
3093 4784
236 2608
3230 3637
1445 2504
2259 4214
2374 636
3278 4190
1434 3160
4760 1383
1173 2387
2276 4643
2351 4218
3749 3176
3849 816
1739 3135
1359 2611
1169 4266
526 4933
1050 4288
2567 2509
1266 1318
1593 3466
3297 4163
517 1621
1130 2320
3699 256
314 4578
1434 4166
2027 2653
1540 935
2336 3735
4663 3728
3891 3391
1600 4918
3650 3152
1331 285
1545 1870
3717 833
3688 3907
3122 424
501 2446
3139 3722
4933 2912
2719 3702
1995 4413
4202 2082
2395 2612
2835 2486
2664 2515
4446 1254
1497 770
3707 1458
2739 185
4238 2788
4992 3049
3885 830
405 4524
3416 1205
1537 1531
1722 4678
2745 4922
3095 3787
2512 193
358 145
3876 2778
1317 2553
916 3873
3227 2362
1781 3949
704 4632
2492 2458
1153 2787
1349 2249
672 3302
4074 2085
457 3169
2616 4762
1719 1894
83 1611
2100 2349
298 3040
2335 3900
1589 1379
1608 2703
1027 3053
1151 2696
3488 2538
1507 4043
1371 2286
2886 3000
4525 2834
2981 2053
1733 4519
4926 295
1161 4550
146 3542
1008 673
2114 3955
1194 2058
4149 4790
3888 2534
703 2016
4728 2372
4230 4721
4889 2040
1646 599
1245 783
4476 2677
2004 3679
4816 1003
3509 2373
2715 464
4632 458
4960 376
1966 2474
3471 4523
3714 634
2220 141
2897 1414
3911 3907
1212 2372
3956 3680
159 3640
2138 3932
57 4861
2945 3718
3908 2061
2252 3030
3694 1925
4151 1210
1566 3488
1674 2586
4883 967
114 4458
2838 4185
3937 4396
2472 1437
2668 4479
1693 4905
666 4072
2232 2405
3501 4803
3824 4849
729 2662
3232 1160
4385 4994
3301 4320
4889 4703
2152 2631
4158 1603
3835 3068
4065 4455
3912 3486
3586 4070
4213 1893
4857 459
4676 3195
3608 630
2167 1143
2637 978
1041 1990
476 486
519 2350
32 742
197 248
2274 3221
3348 2337
1586 4105
3074 3789
4970 3556
2658 537
4083 3826
1978 3588
4598 740
2220 4481
3845 2831
2604 2859
2994 2401
4544 3717
580 178
1125 1541
2507 435
4086 3268
4273 1111
4160 4862
3712 290
161 4064
354 873
774 2634
2300 1032
2547 2075
3676 3890
3062 4163
3265 4064
3541 4658
2785 3577
4485 650
1677 338
420 3867
569 2027
4414 1115
2024 4638
2980 2919
4093 4204
4724 1947
3700 1518
4785 346
2318 1485
746 1675
723 4190
1273 4584
98 2318
1466 2772
3620 1469
3139 4656
3447 2426
2978 3874
3094 3659
2473 3154
774 2775
2167 4970
1683 4771
1753 2434
2401 2845
3166 2189
158 4760
2328 308
1148 4876
4421 4933
2357 497
1653 2080
31 3120
1343 341
2255 318
508 1597
4337 2510
3261 3427
325 4746
2455 2063
894 3886
4148 3503
2669 1545
758 2418
1330 2984
4653 1619
3898 3833
1968 2278
3124 1913
4808 514
357 978
4487 715
2419 4597
3568 3994
23 768
3752 3972
1947 2556
2489 3372
3267 2613
3960 630
1193 3119
1860 4897
3928 2081
4271 4231
4450 1353
2018 2764
3477 2476
416 3497
640 840
4708 388
4939 3904
807 3406
1524 978
3521 4280
438 1377
2545 3995
4380 1515
4144 2915
884 2382
2103 1798
2910 1603
2257 4535
4419 4367
698 1674
2771 3042
3351 3379
1359 3374
2320 3520
1085 390
3256 711
3689 1544
1933 901
4536 737
1979 4253
3144 3051
2755 257
2788 133
2176 4415
2844 3455
1610 1259
1312 801
4555 4877
4989 2111
4535 4143
4832 2043
1673 4526
1176 4447
345 1762
2304 3141
2201 4827
682 989
2231 3082
2383 4762
820 3097
3954 1609
4691 480
3541 3327
2109 877
650 3422
4625 2103
1132 3196
882 135
1391 3273
2160 4196
4937 1170
4208 2817
3116 3399
2383 2285
2188 1765
3546 991
2698 3688
2809 3140
1075 3737
1737 1999
1859 1680
3257 2371
4659 3263
1069 3728
1554 4674
382 4960
4111 3734
754 1684
3580 2149
4495 4408
3894 859
3291 271
993 1873
552 1804
4104 3852
1835 1671
1723 1000
2891 3609
4609 854
3214 3108
1548 391
4471 313
941 1708
4492 3911
1692 1092
1804 4245
297 241
878 1804
2345 1047
2124 868
2240 1330
3967 1361
3861 4707
4036 3578
2699 3686
4467 3471
2267 3139
4168 2188
3263 4927
4642 1894
586 207
2113 584
4811 3225
3062 3682
2208 582
3442 2159
2734 3264
1704 2106
4639 84
2918 2077
3981 3571
2166 3797
2202 1163
852 3741
2002 4661
752 4557
2504 1227
3403 4142
1205 2928
4486 1533
1136 291
1325 2722
1807 2642
3283 2677
827 3095
4543 2508
3522 2377
3773 4586
2093 2458
2727 703
618 2568
649 1648
1284 3323
2365 3043
3094 434
763 4482
2455 2906
2426 2425
4558 3843
4084 4861
4527 2729
4867 3547
4830 4964
4369 3099
2824 364
2414 1175
1474 4326
2371 4171
2873 4331
395 2259
4584 1947
4913 4243
2063 4245
475 2807
2176 3841
94 4568
278 973
2412 3640
3734 256
2089 2106
967 4366
788 3513
1102 961
2040 3315
434 2576
1569 4777
3247 4839
1283 406
1118 4506
158 345
2729 2967
1735 1801
4019 2287
3600 4229
4542 1177
40 1277
2447 1316
397 2656
1036 390
3429 2939
3973 1397
4963 3898
1688 4569
535 3718
318 3181
1191 2715
2364 4776
4073 3757
1132 4244
1979 287
3825 3666
3041 591
4922 920
4181 497
1717 3961
1301 3670
4413 1167
2606 905
2238 4431
2639 687
1125 4561
2952 824
1037 1146
105 438
1604 4424
2647 113
2428 3081
457 1924
2757 1248
785 504
3207 4014
1309 1914
2326 361
3533 3052
790 475
2704 2005
1414 4706
1751 3973
1889 1871
4611 3394
4407 1181
2754 544
2802 4800
2356 4016
1524 3904
3564 4624
1798 4280
2858 4115
987 2231
2125 4084
3220 4547
3461 1876
228 1573
2695 654
4611 316
946 2787
4945 801
2719 1968
3752 1685
3653 3720
4403 4755
2666 2686
3421 2117
4870 931
26 2958
2136 1976
947 329
3284 1169
3861 1325
2717 2478
3816 1934
4892 1367
3341 4744
2994 3212
2265 1682
2122 3462
3399 1501
2695 1246
137 2760
341 3023
4878 1625
1772 2306
567 610
4103 4582
2788 3622
627 4282
1524 4519
491 3121
2409 2869
1144 2185
1274 2692
2365 2160
3802 3683
2376 2227
4893 2580
4869 2284
2115 1677
3101 735
2901 4858
1211 4065
3173 4853
1031 4118
4522 2412
3764 4110
384 404
4052 3682
1518 4471
1083 1529
897 880
4928 4250
3422 2199
3832 4549
709 1621
4397 1130
2185 1253
4188 173
4228 1413
1084 4013
4495 544
3538 3648
3750 1834
4914 1597
2450 4143
1952 1253
4785 3760
3148 1454
2520 3059
2203 54
4984 1142
2650 2248
4142 3903
3614 2918
3660 3507
S